8.000000000000000444e-01 -1.084644816378703212e+02
8.499999999999999778e-01 -1.087047736231386210e+02
9.000000000000000222e-01 -1.088696971274120244e+02
9.500000000000000666e-01 -1.089791972622195715e+02
1.000000000000000000e+00 -1.090480507367275322e+02
1.020000000000000018e+00 -1.090666854054111923e+02
1.040000000000000036e+00 -1.090811796555365731e+02
1.060000000000000053e+00 -1.090919762324541438e+02
1.080000000000000071e+00 -1.090996914885314624e+02
1.100000000000000089e+00 -1.091046441097409030e+02
1.120000000000000107e+00 -1.091071293000070170e+02
1.140000000000000124e+00 -1.091075581559405663e+02
1.160000000000000142e+00 -1.091062345226312829e+02
1.180000000000000160e+00 -1.091034216017311564e+02
1.199999999999999956e+00 -1.090991997295544564e+02
1.300000000000000044e+00 -1.090658402949052146e+02
1.400000000000000133e+00 -1.090231176172088823e+02
1.500000000000000222e+00 -1.089805981380406621e+02
1.500000000000000000e+00 -1.089805584073146747e+02
1.550000000000000044e+00 -1.089609498837330506e+02
1.600000000000000089e+00 -1.089430434637551173e+02
1.650000000000000133e+00 -1.089266944288662984e+02
1.700000000000000178e+00 -1.089123059469455228e+02
1.750000000000000222e+00 -1.088993970710730252e+02
1.800000000000000266e+00 -1.088885840427148111e+02
1.850000000000000311e+00 -1.088794457840785839e+02
1.900000000000000355e+00 -1.088717213405094668e+02
1.950000000000000400e+00 -1.088654152020590828e+02
2.000000000000000000e+00 -1.088601553623064433e+02
2.200000000000000178e+00 -1.088481891413110816e+02
2.400000000000000355e+00 -1.088431306080055094e+02
2.600000000000000533e+00 -1.088408735458403243e+02
2.800000000000000711e+00 -1.088400425076574010e+02
3.000000000000000888e+00 -1.088393305130442030e+02
