8.000000000000000444e-01 -1.084595091892998227e+02
8.500000000000000888e-01 -1.086991110978155035e+02
9.000000000000000222e-01 -1.088649615659373922e+02
9.500000000000000666e-01 -1.089729263964307506e+02
1.000000000000000000e+00 -1.090407142267330016e+02
1.050000000000000266e+00 -1.090723629221431423e+02
1.100000000000000089e+00 -1.090956164815591904e+02
1.150000000000000355e+00 -1.091000516458498453e+02
1.199999999999999956e+00 -1.090897942591262648e+02
1.300000000000000044e+00 -1.090561027399482583e+02
1.400000000000000133e+00 -1.090079021088596249e+02
1.500000000000000222e+00 -1.089620972789549711e+02
1.600000000000000311e+00 -1.089216169430798402e+02
1.600000000000000089e+00 -1.089216169461657557e+02
1.800000000000000044e+00 -1.088674400400761328e+02
2.000000000000000000e+00 -1.088464975168936490e+02
2.200000000000000178e+00 -1.088398924134965711e+02
2.399999999999999911e+00 -1.088385449065967805e+02
2.599999999999999645e+00 -1.088385557188540531e+02
2.799999999999999822e+00 -1.088387415531207978e+02
3.000000000000000000e+00 -1.088389900360854341e+02
