8.000000000000000444e-01 -1.084546069028414195e+02 -1.084614872088913557e+02
8.499999999999999778e-01 -1.086931580892790379e+02 -1.087011651949993478e+02
9.000000000000000222e-01 -1.088562486440311972e+02 -1.088654934332841435e+02
9.499999999999999556e-01 -1.089635398963559396e+02 -1.089741531895415250e+02
1.000000000000000000e+00 -1.090297230781397957e+02 -1.090418572158229438e+02
1.020000000000000018e+00 -1.090472569538432737e+02 -1.090600469481549766e+02
1.040000000000000036e+00 -1.090605826800370295e+02 -1.090740577790079726e+02
1.050000000000000044e+00 -1.090658298885856112e+02 -1.090796588926327786e+02
1.060000000000000053e+00 -1.090702128683036847e+02 -1.090844035796055351e+02
1.080000000000000071e+00 -1.090766053731118603e+02 -1.090915434964231139e+02
1.100000000000000089e+00 -1.090801690906621815e+02 -1.090958877066249926e+02
1.120000000000000107e+00 -1.090812690907912383e+02 -1.090978023767150802e+02
1.139999999999999902e+00 -1.090769528170807376e+02 -1.090978201520572810e+02
1.159999999999999920e+00 -1.090705859508543938e+02 -1.090960894156659862e+02
1.179999999999999938e+00 -1.090632211329883319e+02 -1.090928176405448227e+02
1.199999999999999956e+00 -1.090550779453117372e+02 -1.090882296640880185e+02
1.299999999999999822e+00 -1.090084833150231844e+02 -1.090518376671508776e+02
1.399999999999999911e+00 -1.089619790515780267e+02 -1.090049832239793517e+02
1.500000000000000000e+00 -1.089225129212585301e+02 -1.089584677186104358e+02
1.599999999999999867e+00 -1.088920078142275543e+02 -1.089188646969383569e+02
1.699999999999999734e+00 -1.088703078086535072e+02 -1.088893475555560855e+02
1.799999999999999822e+00 -1.088560082979078061e+02 -1.088693951195844818e+02
1.899999999999999911e+00 -1.088471822457832019e+02 -1.088566494539673073e+02
1.999999999999999556e+00 -1.088421399785017769e+02 -1.088488459580682104e+02
2.099999999999999645e+00 -1.088395396450789576e+02 -1.088443123263190841e+02
2.199999999999999734e+00 -1.088383828710460932e+02 -1.088418518163917241e+02
2.299999999999999822e+00 -1.088379944555371281e+02 -1.088406261308943641e+02
2.399999999999999467e+00 -1.088379643910506616e+02 -1.088400811592065480e+02
2.499999999999999556e+00 -1.088380692868979907e+02 -1.088398791006804771e+02
2.599999999999999645e+00 -1.088382010586998234e+02 -1.088398315491231187e+02
2.699999999999999734e+00 -1.088383154360587497e+02 -1.088398418942739312e+02
2.799999999999999378e+00 -1.088383996728814367e+02 -1.088398656266133884e+02
2.899999999999999467e+00 -1.088384542929437231e+02 -1.088398846715211334e+02
2.999999999999999556e+00 -1.088384838684954445e+02 -1.088398928621001005e+02
