1.000000000000000048e-04 4.300000000000000000e+01
5.000000000000000104e-04 4.300000000000000000e+01
1.000000000000000021e-03 4.300000000000000000e+01
5.000000000000000104e-03 7.100000000000000000e+01
1.000000000000000021e-02 7.400000000000000000e+01
2.000000000000000042e-02 7.500000000000000000e+01
5.000000000000000278e-02 9.400000000000000000e+01
1.000000000000000056e-01 9.400000000000000000e+01
2.000000000000000111e-01 1.010000000000000000e+02
4.000000000000000222e-01 1.020000000000000000e+02
5.999999999999999778e-01 1.020000000000000000e+02
8.000000000000000444e-01 1.020000000000000000e+02
1.000000000000000000e+00 1.030000000000000000e+02
