1.000000000000000048e-04 1.550000000000000000e+02
5.000000000000000104e-04 1.550000000000000000e+02
1.000000000000000021e-03 1.550000000000000000e+02
5.000000000000000104e-03 3.340000000000000000e+02
1.000000000000000021e-02 3.930000000000000000e+02
2.000000000000000042e-02 4.130000000000000000e+02
5.000000000000000278e-02 5.480000000000000000e+02
1.000000000000000056e-01 5.520000000000000000e+02
2.000000000000000111e-01 5.540000000000000000e+02
4.000000000000000222e-01 5.570000000000000000e+02
5.999999999999999778e-01 5.610000000000000000e+02
8.000000000000000444e-01 5.640000000000000000e+02
1.000000000000000000e+00 5.640000000000000000e+02
