1.000000000000000048e-04 4.300000000000000000e+01
5.000000000000000104e-04 4.300000000000000000e+01
1.000000000000000021e-03 4.300000000000000000e+01
5.000000000000000104e-03 7.200000000000000000e+01
1.000000000000000021e-02 7.600000000000000000e+01
2.000000000000000042e-02 7.800000000000000000e+01
5.000000000000000278e-02 9.900000000000000000e+01
1.000000000000000056e-01 1.090000000000000000e+02
2.000000000000000111e-01 1.160000000000000000e+02
4.000000000000000222e-01 1.170000000000000000e+02
5.999999999999999778e-01 1.200000000000000000e+02
8.000000000000000444e-01 1.230000000000000000e+02
1.000000000000000000e+00 1.250000000000000000e+02
