1.000000000000000048e-04 1.550000000000000000e+02
5.000000000000000104e-04 1.550000000000000000e+02
1.000000000000000021e-03 1.550000000000000000e+02
5.000000000000000104e-03 3.340000000000000000e+02
1.000000000000000021e-02 3.950000000000000000e+02
2.000000000000000042e-02 4.170000000000000000e+02
5.000000000000000278e-02 5.780000000000000000e+02
1.000000000000000056e-01 5.820000000000000000e+02
2.000000000000000111e-01 6.010000000000000000e+02
4.000000000000000222e-01 6.030000000000000000e+02
5.999999999999999778e-01 6.040000000000000000e+02
8.000000000000000444e-01 6.040000000000000000e+02
1.000000000000000000e+00 6.060000000000000000e+02
