1.000000000000000048e-04 1.550000000000000000e+02
5.000000000000000104e-04 1.550000000000000000e+02
1.000000000000000021e-03 1.550000000000000000e+02
5.000000000000000104e-03 3.480000000000000000e+02
1.000000000000000021e-02 4.180000000000000000e+02
2.000000000000000042e-02 4.380000000000000000e+02
5.000000000000000278e-02 5.990000000000000000e+02
1.000000000000000056e-01 6.000000000000000000e+02
2.000000000000000111e-01 6.150000000000000000e+02
4.000000000000000222e-01 6.150000000000000000e+02
5.999999999999999778e-01 6.180000000000000000e+02
8.000000000000000444e-01 6.200000000000000000e+02
1.000000000000000000e+00 6.200000000000000000e+02
