1.000000000000000048e-04 4.300000000000000000e+01
5.000000000000000104e-04 4.300000000000000000e+01
1.000000000000000021e-03 4.300000000000000000e+01
5.000000000000000104e-03 8.500000000000000000e+01
1.000000000000000021e-02 1.020000000000000000e+02
2.000000000000000042e-02 1.070000000000000000e+02
5.000000000000000278e-02 1.450000000000000000e+02
1.000000000000000056e-01 1.500000000000000000e+02
2.000000000000000111e-01 1.540000000000000000e+02
4.000000000000000222e-01 1.550000000000000000e+02
5.999999999999999778e-01 1.550000000000000000e+02
8.000000000000000444e-01 1.550000000000000000e+02
1.000000000000000000e+00 1.550000000000000000e+02
