#1.000000000000000062e-09 2.450000000000000000e+02 -1.090601042303886885e+02         
#5.000000000000000105e-09 1.770000000000000000e+02 -1.090439876891882278e+02 
1.000000000000000021e-08 1.700000000000000000e+02 -1.090569399258660752e+02
4.999999999999999774e-08 1.020000000000000000e+02 -1.090363038881839515e+02
9.999999999999999547e-08 6.600000000000000000e+01 -1.090183321091493411e+02
4.999999999999999774e-07 2.100000000000000000e+01 -1.089761834464815280e+02
9.999999999999999547e-07 9.000000000000000000e+00 -1.089539442466329291e+02
5.000000000000000409e-06 1.000000000000000000e+00 -1.088629729631905008e+02
1.000000000000000082e-05 1.000000000000000000e+00 -1.088629729631905008e+02
5.000000000000000240e-05 1.000000000000000000e+00 -1.088629729631905008e+02
1.000000000000000048e-04 1.000000000000000000e+00 -1.088629729631905008e+02
