9.000000000000000222e-01 -7.990738043356583375e+01 -1.088587281607281625e+02
9.499999999999999556e-01 -8.152465919736835076e+01 -1.089665770402118312e+02
1.000000000000000000e+00 -8.294917342425225115e+01 -1.090334269660186806e+02
1.050000000000000044e+00 -8.421357126090566680e+01 -1.090706032119602895e+02
1.100000000000000089e+00 -8.534384270356889601e+01 -1.090855472630858714e+02
1.149999999999999911e+00 -8.634326891187370734e+01 -1.090815810759660422e+02
1.199999999999999956e+00 -8.728606352377704525e+01 -1.090784651919197330e+02
1.250000000000000000e+00 -8.813272732307854085e+01 -1.090622944774727898e+02
1.300000000000000266e+00 -8.890542183570593693e+01 -1.090123936817947197e+02
1.350000000000000089e+00 -8.961826419662673970e+01 -1.090002099112746379e+02
1.399999999999999911e+00 -9.028539398415570361e+01 -1.089694750364502340e+02
1.500000000000000222e+00 -9.150707032079419889e+01 -1.089233964186811505e+02
1.700000000000000178e+00 -9.351818517652465346e+01 -1.088745473325033686e+02
1.900000000000000355e+00 -9.511637335715468566e+01 -1.088510798579658569e+02
2.100000000000000533e+00 -9.641621023734813889e+01 -1.088410784687439730e+02
2.300000000000000266e+00 -9.749665105263051146e+01 -1.088374090967370762e+02
2.500000000000000444e+00 -9.840156665967236904e+01 -1.088377156648070780e+02
2.700000000000000622e+00 -9.917140504321264416e+01 -1.088382022616728904e+02
2.900000000000000799e+00 -9.983427346928573343e+01 -1.088378667048487074e+02
