1.000000000000000048e-04 4.470049959909750896e+02
5.000000000000000104e-04 6.467764634692372283e-01
1.000000000000000021e-03 -7.022948051557875715e-02
5.000000000000000104e-03 6.365208336944760958e-05
1.000000000000000021e-02 -2.985728926319097809e-06
2.000000000000000042e-02 5.917038521374706761e-07
5.000000000000000278e-02 9.072806776089237246e-06
1.000000000000000056e-01 3.636974453513630579e-05
2.000000000000000111e-01 1.470131042395905752e-04
4.000000000000000222e-01 6.126332837510517493e-04
5.999999999999999778e-01 1.470749604280285894e-03
8.000000000000000444e-01 2.845119751455627011e-03
1.000000000000000000e+00 4.910714255075276924e-03
