1.000000000000000048e-04 7.717861676092036305e+01
5.000000000000000104e-04 -7.225999474402016176e-01
1.000000000000000021e-03 2.426218331855523047e-02
5.000000000000000104e-03 -5.300423883625171584e-05
1.000000000000000021e-02 5.607155912912276108e-06
2.000000000000000042e-02 8.781222362586049712e-07
5.000000000000000278e-02 4.780210630883630074e-06
1.000000000000000056e-01 1.915909906813340058e-05
2.000000000000000111e-01 7.743733361564864026e-05
4.000000000000000222e-01 3.225612931316845788e-04
5.999999999999999778e-01 7.738550956588596819e-04
8.000000000000000444e-01 1.495627034913127318e-03
1.000000000000000000e+00 2.578312110003366797e-03
