1.000000000000000048e-04 2.297969130446982149e+02
5.000000000000000104e-04 9.130413998239816920e-02
1.000000000000000021e-03 6.114666600879559155e-03
5.000000000000000104e-03 -6.243674879158334079e-05
1.000000000000000021e-02 -1.721464570891839685e-08
2.000000000000000042e-02 6.427781187312575639e-07
5.000000000000000278e-02 3.613797773027727089e-06
1.000000000000000056e-01 1.446508160540815879e-05
2.000000000000000111e-01 5.824119274677741487e-05
4.000000000000000222e-01 2.390605099691356372e-04
5.999999999999999778e-01 5.607689421793793372e-04
8.000000000000000444e-01 1.053978014809331398e-03
1.000000000000000000e+00 1.761786026108325132e-03
