1.000000000000000048e-04 -6.349330461854951864e+02
5.000000000000000104e-04 -7.407474645926441781e-01
1.000000000000000021e-03 -3.760889823281843292e-02
5.000000000000000104e-03 -3.057929463068376208e-05
1.000000000000000021e-02 -9.367294353523902828e-07
2.000000000000000042e-02 5.286058524234249489e-07
5.000000000000000278e-02 8.061090824185157544e-06
1.000000000000000056e-01 3.218191027087868861e-05
2.000000000000000111e-01 1.304050335875217570e-04
4.000000000000000222e-01 5.484592408180333223e-04
5.999999999999999778e-01 1.334815185273896532e-03
8.000000000000000444e-01 2.624431857427111936e-03
1.000000000000000000e+00 4.607719077924343765e-03
