1.000000000000000048e-04 1.371834899767918614e-01
5.000000000000000104e-04 -1.139279021256967894e+00
1.000000000000000021e-03 2.127449350925303406e-02
5.000000000000000104e-03 1.851137741937236569e-05
1.000000000000000021e-02 -9.524478343791997759e-07
2.000000000000000042e-02 3.564392443422548240e-07
5.000000000000000278e-02 2.121317294268010301e-06
1.000000000000000056e-01 8.508075552526861429e-06
2.000000000000000111e-01 3.463088035005057463e-05
4.000000000000000222e-01 1.481649095893544654e-04
5.999999999999999778e-01 3.695627759014996627e-04
8.000000000000000444e-01 7.472251731428514177e-04
1.000000000000000000e+00 1.349266015381545003e-03
