1.000000000000000048e-04 -4.958866204066242744e+01
5.000000000000000104e-04 -2.269357185376037478e-01
1.000000000000000021e-03 2.519274092517775898e-02
5.000000000000000104e-03 2.398384034023592903e-04
1.000000000000000021e-02 6.156754605513015122e-05
2.000000000000000042e-02 1.518929785504496977e-05
5.000000000000000278e-02 2.435876950812598807e-06
1.000000000000000056e-01 6.110885095722551341e-07
2.000000000000000111e-01 1.817245021129565430e-07
4.000000000000000222e-01 4.940976339184999233e-07
5.999999999999999778e-01 2.310987085252236284e-06
8.000000000000000444e-01 7.243913231036458455e-06
1.000000000000000000e+00 1.765081198357165704e-05
