9.999999999999999547e-08 6.870000000000000000e+02 -1.090335235134645586e+02
9.999999999999999547e-07 6.880000000000000000e+02 -1.090334824984817317e+02
1.000000000000000082e-05 6.940000000000000000e+02 -1.090335577554413931e+02
5.000000000000000240e-05 6.630000000000000000e+02 -1.090338732619202347e+02
1.000000000000000048e-04 6.330000000000000000e+02 -1.090337457636351814e+02
5.000000000000000104e-04 5.790000000000000000e+02 -1.090336624784434889e+02
1.000000000000000021e-03 5.200000000000000000e+02 -1.090341778756614417e+02
5.000000000000000104e-03 2.580000000000000000e+02 -1.090327334448344914e+02
1.000000000000000021e-02 1.510000000000000000e+02 -1.090318288457251583e+02
5.000000000000000278e-02 2.600000000000000000e+01 -1.090082650359782122e+02
1.000000000000000056e-01 1.100000000000000000e+01 -1.089722208617557158e+02
