9.999999999999999547e-08 6.960000000000000000e+02 -1.089218303440676578e+02
9.999999999999999547e-07 7.130000000000000000e+02 -1.089218663042993711e+02
1.000000000000000082e-05 7.150000000000000000e+02 -1.089219458305697117e+02
5.000000000000000240e-05 6.580000000000000000e+02 -1.089227478176192250e+02
1.000000000000000048e-04 6.330000000000000000e+02 -1.089226467131361886e+02
5.000000000000000104e-04 5.430000000000000000e+02 -1.089229765079735870e+02
1.000000000000000021e-03 4.630000000000000000e+02 -1.089249570961342926e+02
5.000000000000000104e-03 2.010000000000000000e+02 -1.089205934007774061e+02
1.000000000000000021e-02 1.640000000000000000e+02 -1.089176158494557001e+02
5.000000000000000278e-02 3.900000000000000000e+01 -1.089013033713259944e+02
1.000000000000000056e-01 1.300000000000000000e+01 -1.088595317006167562e+02
