9.999999999999999547e-08 7.250000000000000000e+02 -1.088382183473610638e+02
9.999999999999999547e-07 6.820000000000000000e+02 -1.088383189264300341e+02
1.000000000000000082e-05 5.860000000000000000e+02 -1.088384320899034634e+02
5.000000000000000240e-05 4.910000000000000000e+02 -1.088383510203666873e+02
1.000000000000000048e-04 4.490000000000000000e+02 -1.088383896631242891e+02
5.000000000000000104e-04 2.800000000000000000e+02 -1.088383876649482715e+02
1.000000000000000021e-03 2.430000000000000000e+02 -1.088384565675372215e+02
5.000000000000000104e-03 1.070000000000000000e+02 -1.088378914068724015e+02
1.000000000000000021e-02 5.300000000000000000e+01 -1.088372080161110773e+02
5.000000000000000278e-02 2.000000000000000000e+01 -1.088224519373818140e+02
1.000000000000000056e-01 8.000000000000000000e+00 -1.087872417923171184e+02
