# 876 -> 205
1.000000000000000048e-04 4.827933896777852283e+02
5.000000000000000104e-04 -1.102593140674290595e-02
1.000000000000000021e-03 -4.171397935630594134e-04
5.000000000000000104e-03 -2.176711253021323955e-06
1.000000000000000021e-02 5.528101398866169802e-07
2.000000000000000042e-02 9.605700235226777295e-09
5.000000000000000278e-02 2.987567322421114113e-07
1.000000000000000056e-01 1.247235517531919413e-06
2.000000000000000111e-01 5.800527214994133374e-06
5.000000000000000000e-01 7.173875096366799653e-05
1.000000000000000000e+00 7.949456955751443843e-04
