1.000000000000000048e-04 -1.087993640895681224e+01
5.000000000000000104e-04 5.687300755118496198e-02
1.000000000000000021e-03 -7.453097451826096176e-05
5.000000000000000104e-03 -7.683414887438289043e-06
1.000000000000000021e-02 -4.182136592589813517e-08
2.000000000000000042e-02 2.514265595721099089e-08
5.000000000000000278e-02 9.294681824201234122e-08
1.000000000000000056e-01 3.907077026354954796e-07
2.000000000000000111e-01 1.854908789233888911e-06
5.000000000000000000e-01 2.437710094049805321e-05
1.000000000000000000e+00 2.803925155987485596e-04
