1.000000000000000048e-04 6.444859288210738058e-01
5.000000000000000104e-04 -1.807494501012119059e-02
1.000000000000000021e-03 -1.593914056490675080e-03
5.000000000000000104e-03 1.978244483780144947e-07
1.000000000000000021e-02 -3.631402734072253224e-08
2.000000000000000042e-02 -3.492334244015182776e-08
5.000000000000000278e-02 -1.555717936696510151e-07
1.000000000000000056e-01 -6.089253679064654534e-07
2.000000000000000111e-01 -2.222062335910379716e-06
5.000000000000000000e-01 -4.545735963645824995e-06
1.000000000000000000e+00 1.154236216445170271e-04
