# 805 -> 177
1.000000000000000048e-04 8.635232031281248055e-02
5.000000000000000104e-04 6.936943116794225261e-02
1.000000000000000021e-03 2.245503984610763837e-03
5.000000000000000104e-03 -1.020114549987738428e-05
1.000000000000000021e-02 1.655416255630370870e-06
2.000000000000000042e-02 4.349673901060668868e-07
5.000000000000000278e-02 2.307575130089389859e-06
1.000000000000000056e-01 9.251536951637717721e-06
2.000000000000000111e-01 3.747196700487620546e-05
5.000000000000000000e-01 2.545332770154118407e-04
1.000000000000000000e+00 1.309728281881916701e-03
