# 610 -> 125
1.000000000000000048e-04 1.280411613138291784e+02
5.000000000000000104e-04 -3.183567351917133692e-01
1.000000000000000021e-03 -2.166586963278405165e-02
5.000000000000000104e-03 -3.637994183236514800e-06
1.000000000000000021e-02 -4.261895867330167675e-07
2.000000000000000042e-02 8.243958120601746486e-07
5.000000000000000278e-02 5.043690947559298365e-06
1.000000000000000056e-01 2.021735571133831399e-05
2.000000000000000111e-01 8.130853112220393086e-05
5.000000000000000000e-01 5.273060030219767214e-04
1.000000000000000000e+00 2.383658769730345739e-03
